datetime,close,exchange_code,expiry_date,high,low,open,open_interest,product_type,right,stock_code,strike_price,volume
2026-05-13 09:15:00,271.3,NFO,19-MAY-2026,302.4,256.05,264.0,1694030,Options,Call,NIFTY,23400.0,1164085
2026-05-13 09:16:00,260.8,NFO,19-MAY-2026,283.95,254.65,277.95,1818895,Options,Call,NIFTY,23400.0,772980
2026-05-13 09:17:00,256.3,NFO,19-MAY-2026,266.85,254.35,261.35,2005315,Options,Call,NIFTY,23400.0,581230
2026-05-13 09:18:00,262.2,NFO,19-MAY-2026,262.65,250.45,256.1,2174120,Options,Call,NIFTY,23400.0,596245
2026-05-13 09:19:00,252.65,NFO,19-MAY-2026,264.0,251.4,262.25,2316210,Options,Call,NIFTY,23400.0,492635
2026-05-13 09:20:00,256.4,NFO,19-MAY-2026,259.75,249.95,252.75,2476565,Options,Call,NIFTY,23400.0,570765
2026-05-13 09:21:00,244.3,NFO,19-MAY-2026,256.05,241.3,256.05,2697500,Options,Call,NIFTY,23400.0,742560
2026-05-13 09:22:00,251.9,NFO,19-MAY-2026,253.45,241.6,245.05,2851940,Options,Call,NIFTY,23400.0,622310
2026-05-13 09:23:00,267.4,NFO,19-MAY-2026,270.9,251.0,251.55,2726880,Options,Call,NIFTY,23400.0,1073865
2026-05-13 09:24:00,270.5,NFO,19-MAY-2026,274.65,266.0,267.55,2835820,Options,Call,NIFTY,23400.0,740025
2026-05-13 09:25:00,257.9,NFO,19-MAY-2026,271.1,251.4,270.75,2835820,Options,Call,NIFTY,23400.0,709085
2026-05-13 09:26:00,252.75,NFO,19-MAY-2026,258.3,251.0,258.3,2956135,Options,Call,NIFTY,23400.0,384865
2026-05-13 09:27:00,260.05,NFO,19-MAY-2026,260.95,252.45,252.6,3127085,Options,Call,NIFTY,23400.0,435175
2026-05-13 09:28:00,250.4,NFO,19-MAY-2026,264.25,248.0,260.1,3191695,Options,Call,NIFTY,23400.0,506870
2026-05-13 09:29:00,239.8,NFO,19-MAY-2026,249.2,238.7,249.0,3236285,Options,Call,NIFTY,23400.0,851565
2026-05-13 09:30:00,248.2,NFO,19-MAY-2026,250.2,238.95,238.95,3453385,Options,Call,NIFTY,23400.0,670800
2026-05-13 09:31:00,238.75,NFO,19-MAY-2026,249.25,238.0,248.65,3573960,Options,Call,NIFTY,23400.0,558610
2026-05-13 09:32:00,233.0,NFO,19-MAY-2026,239.45,232.8,238.35,3653260,Options,Call,NIFTY,23400.0,593905
2026-05-13 09:33:00,238.75,NFO,19-MAY-2026,240.0,232.7,232.7,3748550,Options,Call,NIFTY,23400.0,458705
2026-05-13 09:34:00,230.15,NFO,19-MAY-2026,240.9,228.6,239.2,3843840,Options,Call,NIFTY,23400.0,565500
2026-05-13 09:35:00,216.15,NFO,19-MAY-2026,230.15,216.15,229.0,3856775,Options,Call,NIFTY,23400.0,927030
2026-05-13 09:36:00,215.95,NFO,19-MAY-2026,219.8,214.5,214.8,3879720,Options,Call,NIFTY,23400.0,504270
2026-05-13 09:37:00,208.7,NFO,19-MAY-2026,218.8,207.8,215.05,3953755,Options,Call,NIFTY,23400.0,541775
2026-05-13 09:38:00,204.35,NFO,19-MAY-2026,211.55,202.8,209.45,3959215,Options,Call,NIFTY,23400.0,524420
2026-05-13 09:39:00,203.2,NFO,19-MAY-2026,205.8,197.0,204.55,4084535,Options,Call,NIFTY,23400.0,615550
2026-05-13 09:40:00,200.0,NFO,19-MAY-2026,205.4,197.0,202.75,4183985,Options,Call,NIFTY,23400.0,619645
2026-05-13 09:41:00,203.4,NFO,19-MAY-2026,204.0,199.35,200.1,4445155,Options,Call,NIFTY,23400.0,365625
2026-05-13 09:42:00,212.0,NFO,19-MAY-2026,212.35,202.65,202.65,4580680,Options,Call,NIFTY,23400.0,549315
2026-05-13 09:43:00,210.95,NFO,19-MAY-2026,213.1,207.5,212.5,4528745,Options,Call,NIFTY,23400.0,411775
2026-05-13 09:44:00,214.3,NFO,19-MAY-2026,216.9,211.1,211.1,4579640,Options,Call,NIFTY,23400.0,396500
2026-05-13 09:45:00,214.9,NFO,19-MAY-2026,221.6,212.15,212.8,4575610,Options,Call,NIFTY,23400.0,549055
2026-05-13 09:46:00,213.8,NFO,19-MAY-2026,218.45,211.5,214.55,4569110,Options,Call,NIFTY,23400.0,322920
2026-05-13 09:47:00,207.25,NFO,19-MAY-2026,215.0,206.5,213.6,4669535,Options,Call,NIFTY,23400.0,402675
2026-05-13 09:48:00,209.25,NFO,19-MAY-2026,214.0,206.45,206.6,4712110,Options,Call,NIFTY,23400.0,169910
2026-05-13 09:49:00,213.15,NFO,19-MAY-2026,217.15,208.4,209.95,4737525,Options,Call,NIFTY,23400.0,222105
2026-05-13 09:50:00,216.0,NFO,19-MAY-2026,216.8,212.5,212.5,4730310,Options,Call,NIFTY,23400.0,153270
2026-05-13 09:51:00,232.65,NFO,19-MAY-2026,232.65,216.0,216.0,4752410,Options,Call,NIFTY,23400.0,728260
2026-05-13 09:52:00,242.1,NFO,19-MAY-2026,242.1,228.45,232.45,4565015,Options,Call,NIFTY,23400.0,710645
2026-05-13 09:53:00,244.95,NFO,19-MAY-2026,244.95,238.45,241.35,4462705,Options,Call,NIFTY,23400.0,744250
2026-05-13 09:54:00,246.2,NFO,19-MAY-2026,249.95,242.85,245.05,4389320,Options,Call,NIFTY,23400.0,794690
2026-05-13 09:55:00,249.8,NFO,19-MAY-2026,259.85,244.75,244.75,4407260,Options,Call,NIFTY,23400.0,1220375
2026-05-13 09:56:00,248.85,NFO,19-MAY-2026,253.2,246.05,249.3,4416880,Options,Call,NIFTY,23400.0,551590
2026-05-13 09:57:00,240.55,NFO,19-MAY-2026,250.4,240.55,249.15,4427930,Options,Call,NIFTY,23400.0,498875
2026-05-13 09:58:00,248.5,NFO,19-MAY-2026,249.45,237.3,240.4,4394845,Options,Call,NIFTY,23400.0,491595
2026-05-13 09:59:00,248.95,NFO,19-MAY-2026,250.4,243.65,248.85,4410900,Options,Call,NIFTY,23400.0,377390
2026-05-13 10:00:00,243.75,NFO,19-MAY-2026,245.5,237.1,245.5,4485195,Options,Call,NIFTY,23400.0,456365
2026-05-13 10:01:00,251.25,NFO,19-MAY-2026,258.25,243.4,243.75,4586790,Options,Call,NIFTY,23400.0,1044810
2026-05-13 10:02:00,247.85,NFO,19-MAY-2026,253.55,246.45,251.1,4730440,Options,Call,NIFTY,23400.0,348270
2026-05-13 10:03:00,247.7,NFO,19-MAY-2026,251.85,242.6,247.7,4746105,Options,Call,NIFTY,23400.0,363870
2026-05-13 10:04:00,258.0,NFO,19-MAY-2026,258.0,243.9,245.9,4733495,Options,Call,NIFTY,23400.0,429000
2026-05-13 10:05:00,260.95,NFO,19-MAY-2026,265.95,259.1,259.25,4627480,Options,Call,NIFTY,23400.0,1221025
2026-05-13 10:06:00,268.7,NFO,19-MAY-2026,271.0,261.0,261.0,4638205,Options,Call,NIFTY,23400.0,818285
2026-05-13 10:07:00,266.1,NFO,19-MAY-2026,275.2,265.05,266.65,4619875,Options,Call,NIFTY,23400.0,1178775
2026-05-13 10:08:00,262.65,NFO,19-MAY-2026,266.0,257.4,266.0,4599530,Options,Call,NIFTY,23400.0,832000
2026-05-13 10:09:00,262.45,NFO,19-MAY-2026,265.75,258.05,262.6,4531410,Options,Call,NIFTY,23400.0,335985
2026-05-13 10:10:00,252.5,NFO,19-MAY-2026,263.8,252.5,263.0,4574375,Options,Call,NIFTY,23400.0,384735
2026-05-13 10:11:00,253.0,NFO,19-MAY-2026,257.35,248.6,251.65,4513275,Options,Call,NIFTY,23400.0,529360
2026-05-13 10:12:00,255.65,NFO,19-MAY-2026,261.0,250.5,252.85,4486170,Options,Call,NIFTY,23400.0,441805
2026-05-13 10:13:00,260.3,NFO,19-MAY-2026,263.65,254.0,255.7,4518930,Options,Call,NIFTY,23400.0,374660
2026-05-13 10:14:00,261.3,NFO,19-MAY-2026,265.9,260.4,260.4,4534725,Options,Call,NIFTY,23400.0,417495
2026-05-13 10:15:00,267.15,NFO,19-MAY-2026,268.0,258.8,259.95,4578080,Options,Call,NIFTY,23400.0,583895
2026-05-13 10:16:00,271.2,NFO,19-MAY-2026,272.65,266.65,267.15,4563455,Options,Call,NIFTY,23400.0,638755
2026-05-13 10:17:00,276.6,NFO,19-MAY-2026,276.6,271.55,272.55,4572750,Options,Call,NIFTY,23400.0,633295
2026-05-13 10:18:00,275.0,NFO,19-MAY-2026,278.5,269.5,275.8,4586920,Options,Call,NIFTY,23400.0,729755
2026-05-13 10:19:00,275.05,NFO,19-MAY-2026,276.45,268.75,275.1,4618445,Options,Call,NIFTY,23400.0,428025
2026-05-13 10:20:00,288.4,NFO,19-MAY-2026,289.55,275.45,276.05,4593095,Options,Call,NIFTY,23400.0,1280825
2026-05-13 10:21:00,285.0,NFO,19-MAY-2026,295.0,278.2,288.0,4136535,Options,Call,NIFTY,23400.0,975455
2026-05-13 10:22:00,277.95,NFO,19-MAY-2026,284.85,275.0,284.85,3914560,Options,Call,NIFTY,23400.0,504335
2026-05-13 10:23:00,289.5,NFO,19-MAY-2026,292.9,278.65,278.65,3890965,Options,Call,NIFTY,23400.0,507585
2026-05-13 10:24:00,291.6,NFO,19-MAY-2026,291.7,282.8,289.5,3836365,Options,Call,NIFTY,23400.0,350480
2026-05-13 10:25:00,289.6,NFO,19-MAY-2026,295.05,287.45,291.6,3783910,Options,Call,NIFTY,23400.0,409370
2026-05-13 10:26:00,294.25,NFO,19-MAY-2026,294.35,289.0,289.0,3751280,Options,Call,NIFTY,23400.0,302185
2026-05-13 10:27:00,295.7,NFO,19-MAY-2026,298.0,290.45,294.4,3722940,Options,Call,NIFTY,23400.0,458575
2026-05-13 10:28:00,293.05,NFO,19-MAY-2026,299.6,292.9,296.3,3636815,Options,Call,NIFTY,23400.0,339365
2026-05-13 10:29:00,286.4,NFO,19-MAY-2026,295.8,285.9,292.45,3591445,Options,Call,NIFTY,23400.0,414960
2026-05-13 10:30:00,285.0,NFO,19-MAY-2026,291.5,280.65,285.65,3533660,Options,Call,NIFTY,23400.0,386555
2026-05-13 10:31:00,286.6,NFO,19-MAY-2026,292.25,284.0,284.0,3476135,Options,Call,NIFTY,23400.0,259610
2026-05-13 10:32:00,286.1,NFO,19-MAY-2026,290.4,282.45,286.8,3462940,Options,Call,NIFTY,23400.0,172445
2026-05-13 10:33:00,290.15,NFO,19-MAY-2026,291.8,284.0,286.9,3487510,Options,Call,NIFTY,23400.0,137995
2026-05-13 10:34:00,306.25,NFO,19-MAY-2026,309.35,290.0,291.2,3464370,Options,Call,NIFTY,23400.0,736840
2026-05-13 10:35:00,295.0,NFO,19-MAY-2026,307.45,294.35,307.45,3265145,Options,Call,NIFTY,23400.0,380445
2026-05-13 10:36:00,288.05,NFO,19-MAY-2026,295.0,286.35,294.0,3250520,Options,Call,NIFTY,23400.0,233870
2026-05-13 10:37:00,295.05,NFO,19-MAY-2026,296.95,286.2,286.7,3234855,Options,Call,NIFTY,23400.0,205075
2026-05-13 10:38:00,283.7,NFO,19-MAY-2026,296.0,283.6,295.55,3242135,Options,Call,NIFTY,23400.0,235430
2026-05-13 10:39:00,277.9,NFO,19-MAY-2026,285.35,272.8,284.2,3292900,Options,Call,NIFTY,23400.0,444990
2026-05-13 10:40:00,289.15,NFO,19-MAY-2026,291.0,276.75,278.75,3262090,Options,Call,NIFTY,23400.0,338715
2026-05-13 10:41:00,294.1,NFO,19-MAY-2026,295.7,287.3,289.1,3343015,Options,Call,NIFTY,23400.0,338910
2026-05-13 10:42:00,291.8,NFO,19-MAY-2026,294.15,286.5,293.8,3347500,Options,Call,NIFTY,23400.0,175825
2026-05-13 10:43:00,289.2,NFO,19-MAY-2026,291.8,285.45,290.85,3340090,Options,Call,NIFTY,23400.0,100425
2026-05-13 10:44:00,289.95,NFO,19-MAY-2026,291.45,287.0,289.0,3345810,Options,Call,NIFTY,23400.0,117585
2026-05-13 10:45:00,294.65,NFO,19-MAY-2026,299.0,288.55,289.3,3344640,Options,Call,NIFTY,23400.0,244985
2026-05-13 10:46:00,287.75,NFO,19-MAY-2026,296.35,287.65,295.0,3307200,Options,Call,NIFTY,23400.0,147615
2026-05-13 10:47:00,288.1,NFO,19-MAY-2026,293.0,287.0,287.65,3282565,Options,Call,NIFTY,23400.0,112775
2026-05-13 10:48:00,291.0,NFO,19-MAY-2026,291.0,285.15,287.95,3286920,Options,Call,NIFTY,23400.0,109785
2026-05-13 10:49:00,280.8,NFO,19-MAY-2026,291.5,280.0,290.9,3283410,Options,Call,NIFTY,23400.0,179660
2026-05-13 10:50:00,283.1,NFO,19-MAY-2026,284.6,280.0,280.0,3279120,Options,Call,NIFTY,23400.0,151840
2026-05-13 10:51:00,282.85,NFO,19-MAY-2026,286.0,281.0,282.65,3291795,Options,Call,NIFTY,23400.0,91650
2026-05-13 10:52:00,288.85,NFO,19-MAY-2026,288.9,281.6,282.75,3300765,Options,Call,NIFTY,23400.0,108875
2026-05-13 10:53:00,280.0,NFO,19-MAY-2026,290.65,277.55,289.0,3314480,Options,Call,NIFTY,23400.0,266240
2026-05-13 10:54:00,282.3,NFO,19-MAY-2026,285.0,278.55,279.7,3282305,Options,Call,NIFTY,23400.0,146055
2026-05-13 10:55:00,270.0,NFO,19-MAY-2026,283.65,270.0,282.4,3293940,Options,Call,NIFTY,23400.0,390715
2026-05-13 10:56:00,265.5,NFO,19-MAY-2026,272.65,265.2,270.45,3261700,Options,Call,NIFTY,23400.0,284310
2026-05-13 10:57:00,258.2,NFO,19-MAY-2026,265.35,258.2,265.05,3268460,Options,Call,NIFTY,23400.0,317720
2026-05-13 10:58:00,247.2,NFO,19-MAY-2026,258.9,247.2,257.75,3322475,Options,Call,NIFTY,23400.0,524030
2026-05-13 10:59:00,244.8,NFO,19-MAY-2026,252.15,244.0,247.65,3436290,Options,Call,NIFTY,23400.0,491335
2026-05-13 11:00:00,249.95,NFO,19-MAY-2026,250.6,242.4,244.0,3562520,Options,Call,NIFTY,23400.0,467025
2026-05-13 11:01:00,252.05,NFO,19-MAY-2026,253.5,247.3,249.35,3675035,Options,Call,NIFTY,23400.0,471380
2026-05-13 11:02:00,254.6,NFO,19-MAY-2026,255.75,249.8,252.65,3764800,Options,Call,NIFTY,23400.0,335790
2026-05-13 11:03:00,254.15,NFO,19-MAY-2026,261.7,254.15,255.75,3814200,Options,Call,NIFTY,23400.0,606580
2026-05-13 11:04:00,254.5,NFO,19-MAY-2026,259.1,251.4,254.25,3838315,Options,Call,NIFTY,23400.0,343005
2026-05-13 11:05:00,250.95,NFO,19-MAY-2026,256.0,248.6,254.55,3894150,Options,Call,NIFTY,23400.0,295490
2026-05-13 11:06:00,247.0,NFO,19-MAY-2026,252.0,246.0,250.7,3895450,Options,Call,NIFTY,23400.0,286715
2026-05-13 11:07:00,255.75,NFO,19-MAY-2026,255.95,246.65,247.35,3929835,Options,Call,NIFTY,23400.0,330850
2026-05-13 11:08:00,252.5,NFO,19-MAY-2026,256.65,252.25,255.65,4000620,Options,Call,NIFTY,23400.0,235235
2026-05-13 11:09:00,256.1,NFO,19-MAY-2026,260.8,252.9,253.25,4036695,Options,Call,NIFTY,23400.0,378950
2026-05-13 11:10:00,258.45,NFO,19-MAY-2026,258.45,251.4,255.55,4030715,Options,Call,NIFTY,23400.0,214500
2026-05-13 11:11:00,254.5,NFO,19-MAY-2026,259.65,253.65,258.4,4065620,Options,Call,NIFTY,23400.0,235170
2026-05-13 11:12:00,248.6,NFO,19-MAY-2026,254.05,247.6,253.8,4072315,Options,Call,NIFTY,23400.0,275470
2026-05-13 11:13:00,252.7,NFO,19-MAY-2026,255.0,248.8,248.8,4074330,Options,Call,NIFTY,23400.0,159640
2026-05-13 11:14:00,260.2,NFO,19-MAY-2026,260.9,251.1,253.75,4106115,Options,Call,NIFTY,23400.0,238290
2026-05-13 11:15:00,261.55,NFO,19-MAY-2026,263.0,258.3,259.55,4021355,Options,Call,NIFTY,23400.0,455065
2026-05-13 11:16:00,259.9,NFO,19-MAY-2026,264.5,259.9,261.45,4183530,Options,Call,NIFTY,23400.0,383240
2026-05-13 11:17:00,253.2,NFO,19-MAY-2026,259.45,250.0,259.45,4205370,Options,Call,NIFTY,23400.0,476320
2026-05-13 11:18:00,259.55,NFO,19-MAY-2026,259.55,251.45,253.0,4133480,Options,Call,NIFTY,23400.0,143975
2026-05-13 11:19:00,260.0,NFO,19-MAY-2026,262.0,257.45,259.0,4165785,Options,Call,NIFTY,23400.0,240955
2026-05-13 11:20:00,259.8,NFO,19-MAY-2026,262.0,258.0,259.95,4181710,Options,Call,NIFTY,23400.0,176670
2026-05-13 11:21:00,258.5,NFO,19-MAY-2026,260.4,254.25,260.4,4196465,Options,Call,NIFTY,23400.0,236275
2026-05-13 11:22:00,253.6,NFO,19-MAY-2026,261.15,253.6,258.9,4212650,Options,Call,NIFTY,23400.0,174330
2026-05-13 11:23:00,255.05,NFO,19-MAY-2026,257.0,250.9,253.05,4193150,Options,Call,NIFTY,23400.0,165620
2026-05-13 11:24:00,260.2,NFO,19-MAY-2026,263.0,255.75,255.75,4203875,Options,Call,NIFTY,23400.0,230620
2026-05-13 11:25:00,257.95,NFO,19-MAY-2026,261.0,255.4,260.1,4193085,Options,Call,NIFTY,23400.0,119340
2026-05-13 11:26:00,256.1,NFO,19-MAY-2026,258.0,253.15,258.0,4194580,Options,Call,NIFTY,23400.0,109720
2026-05-13 11:27:00,251.85,NFO,19-MAY-2026,258.8,251.85,255.35,4193150,Options,Call,NIFTY,23400.0,145210
2026-05-13 11:28:00,255.6,NFO,19-MAY-2026,255.65,251.0,251.3,4210830,Options,Call,NIFTY,23400.0,136500
2026-05-13 11:29:00,257.05,NFO,19-MAY-2026,259.0,253.65,255.45,4202315,Options,Call,NIFTY,23400.0,162760
2026-05-13 11:30:00,255.5,NFO,19-MAY-2026,257.0,253.65,255.9,4190290,Options,Call,NIFTY,23400.0,116090
2026-05-13 11:31:00,261.4,NFO,19-MAY-2026,262.7,254.15,256.15,4214860,Options,Call,NIFTY,23400.0,233285
2026-05-13 11:32:00,257.65,NFO,19-MAY-2026,261.6,257.6,260.85,4251260,Options,Call,NIFTY,23400.0,225745
2026-05-13 11:33:00,257.5,NFO,19-MAY-2026,259.4,254.4,255.9,4270110,Options,Call,NIFTY,23400.0,127075
2026-05-13 11:34:00,257.8,NFO,19-MAY-2026,258.0,255.2,257.55,4285255,Options,Call,NIFTY,23400.0,64155
2026-05-13 11:35:00,262.95,NFO,19-MAY-2026,263.6,256.35,258.0,4291625,Options,Call,NIFTY,23400.0,159315
2026-05-13 11:36:00,278.95,NFO,19-MAY-2026,284.35,262.55,263.6,4294030,Options,Call,NIFTY,23400.0,1021670
2026-05-13 11:37:00,284.6,NFO,19-MAY-2026,286.25,278.85,278.85,4213170,Options,Call,NIFTY,23400.0,846495
2026-05-13 11:38:00,288.4,NFO,19-MAY-2026,294.55,283.15,284.85,4109755,Options,Call,NIFTY,23400.0,636415
2026-05-13 11:39:00,293.9,NFO,19-MAY-2026,293.95,284.35,288.15,3966950,Options,Call,NIFTY,23400.0,534235
2026-05-13 11:40:00,298.45,NFO,19-MAY-2026,298.95,292.0,295.0,3867500,Options,Call,NIFTY,23400.0,663195
2026-05-13 11:41:00,299.05,NFO,19-MAY-2026,301.85,296.05,299.7,3768830,Options,Call,NIFTY,23400.0,424385
2026-05-13 11:42:00,314.6,NFO,19-MAY-2026,316.4,299.55,300.6,3597620,Options,Call,NIFTY,23400.0,829790
2026-05-13 11:43:00,312.6,NFO,19-MAY-2026,317.4,307.45,314.7,3492905,Options,Call,NIFTY,23400.0,516555
2026-05-13 11:44:00,315.8,NFO,19-MAY-2026,316.0,308.4,313.3,3427515,Options,Call,NIFTY,23400.0,266890
2026-05-13 11:45:00,315.9,NFO,19-MAY-2026,324.25,313.75,316.2,3289390,Options,Call,NIFTY,23400.0,707915
2026-05-13 11:46:00,311.8,NFO,19-MAY-2026,316.35,310.2,312.5,3145740,Options,Call,NIFTY,23400.0,246220
2026-05-13 11:47:00,310.6,NFO,19-MAY-2026,317.45,309.0,312.45,3118960,Options,Call,NIFTY,23400.0,249535
2026-05-13 11:48:00,313.35,NFO,19-MAY-2026,316.0,306.95,309.35,3086915,Options,Call,NIFTY,23400.0,187590
2026-05-13 11:49:00,304.65,NFO,19-MAY-2026,315.0,301.05,312.5,3076450,Options,Call,NIFTY,23400.0,231790
2026-05-13 11:50:00,300.1,NFO,19-MAY-2026,306.3,297.05,304.0,3074760,Options,Call,NIFTY,23400.0,283985
2026-05-13 11:51:00,303.25,NFO,19-MAY-2026,303.9,298.45,300.05,3087500,Options,Call,NIFTY,23400.0,103740
2026-05-13 11:52:00,304.25,NFO,19-MAY-2026,308.8,302.45,305.0,3101735,Options,Call,NIFTY,23400.0,182910
2026-05-13 11:53:00,291.9,NFO,19-MAY-2026,308.0,288.65,305.0,3066310,Options,Call,NIFTY,23400.0,307385
2026-05-13 11:54:00,290.45,NFO,19-MAY-2026,294.6,289.8,291.85,3059810,Options,Call,NIFTY,23400.0,115440
2026-05-13 11:55:00,300.4,NFO,19-MAY-2026,300.45,289.3,290.65,3077750,Options,Call,NIFTY,23400.0,159900
2026-05-13 11:56:00,300.05,NFO,19-MAY-2026,301.1,294.3,301.1,3077815,Options,Call,NIFTY,23400.0,120965
2026-05-13 11:57:00,291.0,NFO,19-MAY-2026,300.1,290.6,299.6,3084315,Options,Call,NIFTY,23400.0,92495
2026-05-13 11:58:00,293.0,NFO,19-MAY-2026,294.0,288.35,288.65,3084055,Options,Call,NIFTY,23400.0,84890
2026-05-13 11:59:00,285.1,NFO,19-MAY-2026,295.0,284.2,293.2,3061760,Options,Call,NIFTY,23400.0,166920
2026-05-13 12:00:00,293.05,NFO,19-MAY-2026,295.75,285.2,285.2,3078270,Options,Call,NIFTY,23400.0,195585
2026-05-13 12:01:00,291.05,NFO,19-MAY-2026,298.1,287.8,292.95,3092050,Options,Call,NIFTY,23400.0,167245
2026-05-13 12:02:00,288.05,NFO,19-MAY-2026,293.2,286.6,290.55,3097445,Options,Call,NIFTY,23400.0,68380
2026-05-13 12:03:00,296.8,NFO,19-MAY-2026,297.85,287.0,287.25,3107000,Options,Call,NIFTY,23400.0,102570
2026-05-13 12:04:00,297.15,NFO,19-MAY-2026,301.0,295.2,298.0,3122600,Options,Call,NIFTY,23400.0,200525
2026-05-13 12:05:00,293.15,NFO,19-MAY-2026,298.95,291.45,297.4,3142750,Options,Call,NIFTY,23400.0,106015
2026-05-13 12:06:00,297.35,NFO,19-MAY-2026,300.0,292.7,292.7,3162445,Options,Call,NIFTY,23400.0,114270
2026-05-13 12:07:00,300.45,NFO,19-MAY-2026,300.65,292.6,297.5,3177460,Options,Call,NIFTY,23400.0,116350
2026-05-13 12:08:00,295.55,NFO,19-MAY-2026,301.0,294.5,299.1,3183375,Options,Call,NIFTY,23400.0,117715
2026-05-13 12:09:00,300.3,NFO,19-MAY-2026,301.9,293.55,294.5,3172780,Options,Call,NIFTY,23400.0,162825
2026-05-13 12:10:00,304.95,NFO,19-MAY-2026,304.95,297.4,300.95,3125655,Options,Call,NIFTY,23400.0,193830
2026-05-13 12:11:00,300.55,NFO,19-MAY-2026,305.5,296.35,304.1,3151265,Options,Call,NIFTY,23400.0,172965
2026-05-13 12:12:00,304.3,NFO,19-MAY-2026,304.3,299.1,301.2,3146715,Options,Call,NIFTY,23400.0,83265
2026-05-13 12:13:00,310.8,NFO,19-MAY-2026,311.6,302.1,303.75,3123575,Options,Call,NIFTY,23400.0,256295
2026-05-13 12:14:00,313.3,NFO,19-MAY-2026,316.2,309.0,310.05,3069495,Options,Call,NIFTY,23400.0,326495
2026-05-13 12:15:00,309.1,NFO,19-MAY-2026,318.2,309.1,313.8,3086525,Options,Call,NIFTY,23400.0,336895
2026-05-13 12:16:00,302.0,NFO,19-MAY-2026,309.35,297.4,309.35,3022565,Options,Call,NIFTY,23400.0,278590
2026-05-13 12:17:00,292.0,NFO,19-MAY-2026,304.7,291.4,301.8,3023930,Options,Call,NIFTY,23400.0,203385
2026-05-13 12:18:00,300.7,NFO,19-MAY-2026,301.2,290.2,291.35,3027440,Options,Call,NIFTY,23400.0,177515
2026-05-13 12:19:00,304.85,NFO,19-MAY-2026,306.8,300.2,300.7,3048240,Options,Call,NIFTY,23400.0,155415
2026-05-13 12:20:00,298.25,NFO,19-MAY-2026,303.5,292.4,303.5,3047590,Options,Call,NIFTY,23400.0,101335
2026-05-13 12:21:00,300.5,NFO,19-MAY-2026,300.8,295.3,298.45,3057015,Options,Call,NIFTY,23400.0,65260
2026-05-13 12:22:00,298.15,NFO,19-MAY-2026,300.55,295.35,300.45,3052335,Options,Call,NIFTY,23400.0,45565
2026-05-13 12:23:00,296.65,NFO,19-MAY-2026,299.35,295.8,298.1,3054025,Options,Call,NIFTY,23400.0,38415
2026-05-13 12:24:00,298.4,NFO,19-MAY-2026,299.35,294.2,296.6,3061565,Options,Call,NIFTY,23400.0,44460
2026-05-13 12:25:00,295.2,NFO,19-MAY-2026,299.95,295.2,298.35,3050580,Options,Call,NIFTY,23400.0,55705
2026-05-13 12:26:00,301.45,NFO,19-MAY-2026,301.75,292.6,294.6,3039335,Options,Call,NIFTY,23400.0,71630
2026-05-13 12:27:00,299.65,NFO,19-MAY-2026,303.3,298.5,300.8,3060720,Options,Call,NIFTY,23400.0,114790
2026-05-13 12:28:00,298.0,NFO,19-MAY-2026,300.65,295.8,298.75,3049410,Options,Call,NIFTY,23400.0,44070
2026-05-13 12:29:00,301.1,NFO,19-MAY-2026,301.1,295.35,297.65,3040050,Options,Call,NIFTY,23400.0,54665
2026-05-13 12:30:00,303.55,NFO,19-MAY-2026,305.0,297.8,301.5,3037060,Options,Call,NIFTY,23400.0,103610
2026-05-13 12:31:00,295.15,NFO,19-MAY-2026,304.35,295.1,302.2,3043495,Options,Call,NIFTY,23400.0,70395
2026-05-13 12:32:00,294.9,NFO,19-MAY-2026,298.15,292.7,295.4,3007745,Options,Call,NIFTY,23400.0,132795
2026-05-13 12:33:00,289.85,NFO,19-MAY-2026,294.2,289.15,293.55,2980770,Options,Call,NIFTY,23400.0,150735
2026-05-13 12:34:00,292.7,NFO,19-MAY-2026,293.9,288.9,290.8,2981940,Options,Call,NIFTY,23400.0,84370
2026-05-13 12:35:00,285.45,NFO,19-MAY-2026,296.35,280.35,292.9,2914470,Options,Call,NIFTY,23400.0,288795
2026-05-13 12:36:00,275.4,NFO,19-MAY-2026,284.5,273.05,281.55,2872545,Options,Call,NIFTY,23400.0,319475
2026-05-13 12:37:00,280.0,NFO,19-MAY-2026,285.85,274.6,274.6,2891070,Options,Call,NIFTY,23400.0,237185
2026-05-13 12:38:00,284.0,NFO,19-MAY-2026,284.35,278.75,279.25,2909400,Options,Call,NIFTY,23400.0,132925
2026-05-13 12:39:00,281.6,NFO,19-MAY-2026,286.0,278.55,284.55,2921490,Options,Call,NIFTY,23400.0,125710
2026-05-13 12:40:00,265.4,NFO,19-MAY-2026,281.75,265.25,281.75,2919735,Options,Call,NIFTY,23400.0,296270
2026-05-13 12:41:00,257.15,NFO,19-MAY-2026,265.35,256.2,265.0,2956005,Options,Call,NIFTY,23400.0,351325
2026-05-13 12:42:00,267.9,NFO,19-MAY-2026,268.35,257.3,257.3,2999035,Options,Call,NIFTY,23400.0,315575
2026-05-13 12:43:00,273.25,NFO,19-MAY-2026,274.0,267.45,268.25,2999425,Options,Call,NIFTY,23400.0,238160
2026-05-13 12:44:00,273.2,NFO,19-MAY-2026,276.0,272.15,273.25,2990455,Options,Call,NIFTY,23400.0,147030
2026-05-13 12:45:00,278.2,NFO,19-MAY-2026,280.15,270.45,273.35,2982655,Options,Call,NIFTY,23400.0,231855
2026-05-13 12:46:00,281.05,NFO,19-MAY-2026,282.1,274.4,277.7,2985255,Options,Call,NIFTY,23400.0,141440
2026-05-13 12:47:00,277.55,NFO,19-MAY-2026,284.8,277.25,281.9,3022890,Options,Call,NIFTY,23400.0,215475
2026-05-13 12:48:00,277.6,NFO,19-MAY-2026,278.75,272.8,277.0,3036280,Options,Call,NIFTY,23400.0,133900
2026-05-13 12:49:00,283.0,NFO,19-MAY-2026,283.0,276.55,277.65,3042390,Options,Call,NIFTY,23400.0,104715
2026-05-13 12:50:00,287.5,NFO,19-MAY-2026,288.5,282.5,282.5,3047590,Options,Call,NIFTY,23400.0,278720
2026-05-13 12:51:00,291.25,NFO,19-MAY-2026,291.6,284.95,287.7,3042585,Options,Call,NIFTY,23400.0,197925
2026-05-13 12:52:00,299.05,NFO,19-MAY-2026,301.6,289.4,290.55,2995265,Options,Call,NIFTY,23400.0,355680
2026-05-13 12:53:00,310.25,NFO,19-MAY-2026,311.0,296.35,299.4,2942030,Options,Call,NIFTY,23400.0,366600
2026-05-13 12:54:00,323.85,NFO,19-MAY-2026,323.85,311.15,311.4,2874885,Options,Call,NIFTY,23400.0,498875
2026-05-13 12:55:00,329.8,NFO,19-MAY-2026,331.45,322.3,323.7,2846285,Options,Call,NIFTY,23400.0,632970
2026-05-13 12:56:00,340.6,NFO,19-MAY-2026,341.5,329.9,330.35,2747810,Options,Call,NIFTY,23400.0,436345
2026-05-13 12:57:00,353.25,NFO,19-MAY-2026,354.9,338.8,342.55,2747810,Options,Call,NIFTY,23400.0,578045
2026-05-13 12:58:00,354.45,NFO,19-MAY-2026,354.45,349.75,352.25,2617810,Options,Call,NIFTY,23400.0,371735
2026-05-13 12:59:00,360.7,NFO,19-MAY-2026,360.7,351.5,355.85,2549820,Options,Call,NIFTY,23400.0,232635
2026-05-13 13:00:00,345.8,NFO,19-MAY-2026,362.05,338.55,361.8,2519075,Options,Call,NIFTY,23400.0,437970
2026-05-13 13:01:00,346.55,NFO,19-MAY-2026,349.85,342.7,342.7,2453165,Options,Call,NIFTY,23400.0,148070
2026-05-13 13:02:00,341.3,NFO,19-MAY-2026,350.95,336.15,346.35,2454530,Options,Call,NIFTY,23400.0,136500
2026-05-13 13:03:00,344.55,NFO,19-MAY-2026,350.0,340.85,341.85,2438215,Options,Call,NIFTY,23400.0,117845
2026-05-13 13:04:00,340.35,NFO,19-MAY-2026,346.35,338.3,342.8,2444065,Options,Call,NIFTY,23400.0,137020
2026-05-13 13:05:00,337.5,NFO,19-MAY-2026,343.3,334.8,341.75,2406040,Options,Call,NIFTY,23400.0,220545
2026-05-13 13:06:00,332.95,NFO,19-MAY-2026,343.3,332.0,336.5,2345785,Options,Call,NIFTY,23400.0,104390
2026-05-13 13:07:00,324.85,NFO,19-MAY-2026,333.25,324.5,332.9,2324790,Options,Call,NIFTY,23400.0,205140
2026-05-13 13:08:00,321.9,NFO,19-MAY-2026,325.8,317.15,324.55,2320630,Options,Call,NIFTY,23400.0,159770
2026-05-13 13:09:00,317.55,NFO,19-MAY-2026,325.0,317.55,321.4,2337725,Options,Call,NIFTY,23400.0,114855
2026-05-13 13:10:00,324.7,NFO,19-MAY-2026,325.25,316.0,317.4,2349685,Options,Call,NIFTY,23400.0,74295
2026-05-13 13:11:00,325.25,NFO,19-MAY-2026,326.6,322.0,326.1,2341495,Options,Call,NIFTY,23400.0,117975
2026-05-13 13:12:00,328.05,NFO,19-MAY-2026,333.3,325.0,325.3,2362685,Options,Call,NIFTY,23400.0,165360
2026-05-13 13:13:00,323.75,NFO,19-MAY-2026,328.65,321.7,328.45,2350335,Options,Call,NIFTY,23400.0,54795
2026-05-13 13:14:00,321.3,NFO,19-MAY-2026,325.1,318.1,323.15,2349425,Options,Call,NIFTY,23400.0,84370
2026-05-13 13:15:00,311.35,NFO,19-MAY-2026,322.8,311.2,322.1,2337790,Options,Call,NIFTY,23400.0,107315
2026-05-13 13:16:00,310.15,NFO,19-MAY-2026,316.5,308.3,311.65,2328755,Options,Call,NIFTY,23400.0,132925
2026-05-13 13:17:00,306.25,NFO,19-MAY-2026,312.95,301.0,310.1,2340065,Options,Call,NIFTY,23400.0,211120
2026-05-13 13:18:00,300.35,NFO,19-MAY-2026,306.6,297.35,305.6,2319070,Options,Call,NIFTY,23400.0,179985
2026-05-13 13:19:00,301.45,NFO,19-MAY-2026,306.0,297.75,301.1,2325765,Options,Call,NIFTY,23400.0,122785
2026-05-13 13:20:00,305.0,NFO,19-MAY-2026,308.4,301.45,301.45,2343705,Options,Call,NIFTY,23400.0,128310
2026-05-13 13:21:00,301.9,NFO,19-MAY-2026,305.4,297.0,305.1,2362230,Options,Call,NIFTY,23400.0,109850
2026-05-13 13:22:00,298.7,NFO,19-MAY-2026,304.95,298.55,302.6,2365220,Options,Call,NIFTY,23400.0,66625
2026-05-13 13:23:00,301.05,NFO,19-MAY-2026,304.75,297.5,299.95,2383940,Options,Call,NIFTY,23400.0,65715
2026-05-13 13:24:00,301.0,NFO,19-MAY-2026,305.0,299.55,301.8,2406495,Options,Call,NIFTY,23400.0,74620
2026-05-13 13:25:00,299.65,NFO,19-MAY-2026,302.95,297.75,301.1,2428335,Options,Call,NIFTY,23400.0,51740
2026-05-13 13:26:00,302.25,NFO,19-MAY-2026,302.25,294.9,300.1,2445690,Options,Call,NIFTY,23400.0,129350
2026-05-13 13:27:00,304.3,NFO,19-MAY-2026,306.0,301.65,302.8,2438345,Options,Call,NIFTY,23400.0,108810
2026-05-13 13:28:00,295.65,NFO,19-MAY-2026,304.05,295.65,303.85,2443220,Options,Call,NIFTY,23400.0,85930
2026-05-13 13:29:00,296.8,NFO,19-MAY-2026,298.95,292.3,295.2,2451605,Options,Call,NIFTY,23400.0,99905
2026-05-13 13:30:00,297.5,NFO,19-MAY-2026,301.85,293.3,294.05,2443545,Options,Call,NIFTY,23400.0,114725
2026-05-13 13:31:00,306.65,NFO,19-MAY-2026,307.3,296.0,298.55,2460640,Options,Call,NIFTY,23400.0,110955
2026-05-13 13:32:00,324.05,NFO,19-MAY-2026,326.4,305.45,306.7,2471300,Options,Call,NIFTY,23400.0,383435
2026-05-13 13:33:00,322.6,NFO,19-MAY-2026,326.05,315.7,323.95,2464215,Options,Call,NIFTY,23400.0,185705
2026-05-13 13:34:00,321.0,NFO,19-MAY-2026,323.35,315.05,321.85,2471235,Options,Call,NIFTY,23400.0,112450
2026-05-13 13:35:00,321.75,NFO,19-MAY-2026,322.85,313.45,321.15,2472795,Options,Call,NIFTY,23400.0,100035
2026-05-13 13:36:00,319.35,NFO,19-MAY-2026,323.8,317.1,321.75,2474095,Options,Call,NIFTY,23400.0,84825
2026-05-13 13:37:00,311.1,NFO,19-MAY-2026,321.4,308.0,320.0,2482415,Options,Call,NIFTY,23400.0,100295
2026-05-13 13:38:00,315.1,NFO,19-MAY-2026,316.0,310.25,310.95,2463825,Options,Call,NIFTY,23400.0,69290
2026-05-13 13:39:00,322.55,NFO,19-MAY-2026,324.6,312.95,314.9,2462395,Options,Call,NIFTY,23400.0,128180
2026-05-13 13:40:00,322.0,NFO,19-MAY-2026,324.75,317.25,322.65,2452645,Options,Call,NIFTY,23400.0,75920
2026-05-13 13:41:00,320.45,NFO,19-MAY-2026,322.75,317.25,321.3,2457585,Options,Call,NIFTY,23400.0,62660
2026-05-13 13:42:00,315.6,NFO,19-MAY-2026,321.0,313.05,320.15,2456805,Options,Call,NIFTY,23400.0,55510
2026-05-13 13:43:00,313.65,NFO,19-MAY-2026,319.75,313.0,315.0,2461290,Options,Call,NIFTY,23400.0,57395
2026-05-13 13:44:00,312.35,NFO,19-MAY-2026,313.75,309.0,313.35,2462850,Options,Call,NIFTY,23400.0,64480
2026-05-13 13:45:00,313.8,NFO,19-MAY-2026,319.0,309.4,311.2,2453685,Options,Call,NIFTY,23400.0,95095
2026-05-13 13:46:00,307.25,NFO,19-MAY-2026,313.7,306.5,312.0,2457975,Options,Call,NIFTY,23400.0,65325
2026-05-13 13:47:00,316.45,NFO,19-MAY-2026,318.0,310.35,310.4,2447835,Options,Call,NIFTY,23400.0,56810
2026-05-13 13:48:00,303.1,NFO,19-MAY-2026,320.2,303.1,317.9,2451540,Options,Call,NIFTY,23400.0,113620
2026-05-13 13:49:00,303.15,NFO,19-MAY-2026,307.6,299.45,304.5,2434770,Options,Call,NIFTY,23400.0,146965
2026-05-13 13:50:00,308.6,NFO,19-MAY-2026,308.6,301.45,304.1,2438410,Options,Call,NIFTY,23400.0,63310
2026-05-13 13:51:00,310.15,NFO,19-MAY-2026,312.8,305.0,307.65,2432430,Options,Call,NIFTY,23400.0,119210
2026-05-13 13:52:00,303.8,NFO,19-MAY-2026,310.7,303.8,310.05,2430740,Options,Call,NIFTY,23400.0,44460
2026-05-13 13:53:00,301.2,NFO,19-MAY-2026,305.0,301.2,304.0,2427230,Options,Call,NIFTY,23400.0,34450
2026-05-13 13:54:00,301.0,NFO,19-MAY-2026,304.5,300.1,300.15,2426255,Options,Call,NIFTY,23400.0,45110
2026-05-13 13:55:00,284.8,NFO,19-MAY-2026,301.6,283.3,300.25,2431260,Options,Call,NIFTY,23400.0,249405
2026-05-13 13:56:00,295.4,NFO,19-MAY-2026,295.4,283.8,284.6,2394145,Options,Call,NIFTY,23400.0,157690
2026-05-13 13:57:00,298.75,NFO,19-MAY-2026,301.0,294.4,294.85,2401685,Options,Call,NIFTY,23400.0,119340
2026-05-13 13:58:00,292.8,NFO,19-MAY-2026,303.0,292.15,299.9,2401100,Options,Call,NIFTY,23400.0,125060
2026-05-13 13:59:00,296.45,NFO,19-MAY-2026,297.7,293.5,293.5,2423590,Options,Call,NIFTY,23400.0,43875
2026-05-13 14:00:00,297.05,NFO,19-MAY-2026,302.95,293.7,296.5,2422615,Options,Call,NIFTY,23400.0,109265
2026-05-13 14:01:00,291.7,NFO,19-MAY-2026,300.25,289.6,296.85,2445365,Options,Call,NIFTY,23400.0,107315
2026-05-13 14:02:00,288.05,NFO,19-MAY-2026,291.8,287.15,291.8,2435745,Options,Call,NIFTY,23400.0,60970
2026-05-13 14:03:00,291.25,NFO,19-MAY-2026,292.15,288.05,288.05,2438020,Options,Call,NIFTY,23400.0,47060
2026-05-13 14:04:00,288.8,NFO,19-MAY-2026,291.25,284.8,291.25,2419495,Options,Call,NIFTY,23400.0,139945
2026-05-13 14:05:00,292.95,NFO,19-MAY-2026,294.85,288.75,289.3,2411695,Options,Call,NIFTY,23400.0,77090
2026-05-13 14:06:00,295.25,NFO,19-MAY-2026,295.35,290.15,292.75,2432040,Options,Call,NIFTY,23400.0,44265
2026-05-13 14:07:00,290.35,NFO,19-MAY-2026,298.25,289.3,296.75,2437305,Options,Call,NIFTY,23400.0,100555
2026-05-13 14:08:00,300.0,NFO,19-MAY-2026,300.0,290.3,290.3,2452970,Options,Call,NIFTY,23400.0,91975
2026-05-13 14:09:00,306.5,NFO,19-MAY-2026,307.3,299.1,299.1,2429180,Options,Call,NIFTY,23400.0,143195
2026-05-13 14:10:00,310.25,NFO,19-MAY-2026,311.75,305.9,307.0,2428335,Options,Call,NIFTY,23400.0,206310
2026-05-13 14:11:00,304.8,NFO,19-MAY-2026,310.5,302.0,310.5,2475005,Options,Call,NIFTY,23400.0,161135
2026-05-13 14:12:00,311.0,NFO,19-MAY-2026,314.4,304.9,305.3,2487615,Options,Call,NIFTY,23400.0,142480
2026-05-13 14:13:00,309.75,NFO,19-MAY-2026,313.0,307.75,311.75,2510365,Options,Call,NIFTY,23400.0,78845
2026-05-13 14:14:00,311.0,NFO,19-MAY-2026,313.0,308.95,310.45,2508545,Options,Call,NIFTY,23400.0,40300
2026-05-13 14:15:00,308.95,NFO,19-MAY-2026,315.0,308.95,311.95,2495545,Options,Call,NIFTY,23400.0,84240
2026-05-13 14:16:00,301.8,NFO,19-MAY-2026,310.15,301.8,308.35,2490670,Options,Call,NIFTY,23400.0,87555
2026-05-13 14:17:00,302.05,NFO,19-MAY-2026,307.0,300.3,301.0,2476630,Options,Call,NIFTY,23400.0,74035
2026-05-13 14:18:00,292.6,NFO,19-MAY-2026,300.95,288.0,300.95,2455960,Options,Call,NIFTY,23400.0,244595
2026-05-13 14:19:00,285.9,NFO,19-MAY-2026,292.4,285.25,291.75,2457000,Options,Call,NIFTY,23400.0,104195
2026-05-13 14:20:00,278.9,NFO,19-MAY-2026,287.4,276.15,283.45,2431130,Options,Call,NIFTY,23400.0,234195
2026-05-13 14:21:00,277.5,NFO,19-MAY-2026,282.75,273.75,279.5,2390050,Options,Call,NIFTY,23400.0,184340
2026-05-13 14:22:00,284.4,NFO,19-MAY-2026,284.6,279.3,279.75,2407015,Options,Call,NIFTY,23400.0,110500
2026-05-13 14:23:00,287.8,NFO,19-MAY-2026,288.2,279.3,284.4,2418520,Options,Call,NIFTY,23400.0,129740
2026-05-13 14:24:00,294.6,NFO,19-MAY-2026,297.2,288.1,288.1,2444260,Options,Call,NIFTY,23400.0,261495
2026-05-13 14:25:00,287.2,NFO,19-MAY-2026,298.75,286.35,292.0,2470390,Options,Call,NIFTY,23400.0,170950
2026-05-13 14:26:00,287.2,NFO,19-MAY-2026,289.65,284.45,287.15,2455310,Options,Call,NIFTY,23400.0,121095
2026-05-13 14:27:00,282.65,NFO,19-MAY-2026,285.85,278.3,285.35,2426970,Options,Call,NIFTY,23400.0,125190
2026-05-13 14:28:00,287.25,NFO,19-MAY-2026,287.55,282.1,282.1,2432560,Options,Call,NIFTY,23400.0,73905
2026-05-13 14:29:00,284.75,NFO,19-MAY-2026,288.3,283.7,286.2,2437045,Options,Call,NIFTY,23400.0,49010
2026-05-13 14:30:00,284.65,NFO,19-MAY-2026,290.0,283.55,285.3,2440815,Options,Call,NIFTY,23400.0,90545
2026-05-13 14:31:00,291.85,NFO,19-MAY-2026,291.85,283.15,285.0,2450045,Options,Call,NIFTY,23400.0,69290
2026-05-13 14:32:00,290.75,NFO,19-MAY-2026,292.5,288.55,291.6,2452450,Options,Call,NIFTY,23400.0,66235
2026-05-13 14:33:00,289.0,NFO,19-MAY-2026,295.6,287.95,290.8,2449655,Options,Call,NIFTY,23400.0,93795
2026-05-13 14:34:00,291.4,NFO,19-MAY-2026,292.1,286.9,288.65,2447835,Options,Call,NIFTY,23400.0,37180
2026-05-13 14:35:00,289.95,NFO,19-MAY-2026,293.9,286.05,292.05,2460445,Options,Call,NIFTY,23400.0,74165
2026-05-13 14:36:00,283.65,NFO,19-MAY-2026,291.0,283.65,290.4,2453035,Options,Call,NIFTY,23400.0,45175
2026-05-13 14:37:00,289.2,NFO,19-MAY-2026,289.75,282.9,283.1,2450695,Options,Call,NIFTY,23400.0,67145
2026-05-13 14:38:00,293.1,NFO,19-MAY-2026,294.7,287.0,290.0,2448875,Options,Call,NIFTY,23400.0,60385
2026-05-13 14:39:00,292.1,NFO,19-MAY-2026,294.35,291.0,293.35,2440100,Options,Call,NIFTY,23400.0,58565
2026-05-13 14:40:00,280.1,NFO,19-MAY-2026,292.6,280.1,292.5,2448745,Options,Call,NIFTY,23400.0,89310
2026-05-13 14:41:00,284.0,NFO,19-MAY-2026,284.0,277.0,280.0,2427230,Options,Call,NIFTY,23400.0,186680
2026-05-13 14:42:00,283.0,NFO,19-MAY-2026,288.35,282.0,284.15,2424890,Options,Call,NIFTY,23400.0,88985
2026-05-13 14:43:00,285.7,NFO,19-MAY-2026,286.0,282.0,282.55,2427100,Options,Call,NIFTY,23400.0,57525
2026-05-13 14:44:00,279.3,NFO,19-MAY-2026,284.65,277.15,284.2,2437305,Options,Call,NIFTY,23400.0,114790
2026-05-13 14:45:00,267.2,NFO,19-MAY-2026,278.25,265.25,278.25,2394470,Options,Call,NIFTY,23400.0,348400
2026-05-13 14:46:00,281.15,NFO,19-MAY-2026,281.95,266.0,267.45,2373735,Options,Call,NIFTY,23400.0,231920
2026-05-13 14:47:00,278.15,NFO,19-MAY-2026,284.55,278.15,280.75,2396030,Options,Call,NIFTY,23400.0,158405
2026-05-13 14:48:00,278.05,NFO,19-MAY-2026,283.5,277.2,278.35,2402660,Options,Call,NIFTY,23400.0,93730
2026-05-13 14:49:00,281.85,NFO,19-MAY-2026,282.15,278.0,278.05,2412085,Options,Call,NIFTY,23400.0,41990
2026-05-13 14:50:00,286.35,NFO,19-MAY-2026,287.25,278.0,281.0,2412020,Options,Call,NIFTY,23400.0,105820
2026-05-13 14:51:00,279.7,NFO,19-MAY-2026,287.55,275.15,285.2,2404415,Options,Call,NIFTY,23400.0,127270
2026-05-13 14:52:00,281.3,NFO,19-MAY-2026,282.0,277.25,279.9,2404480,Options,Call,NIFTY,23400.0,49465
2026-05-13 14:53:00,280.9,NFO,19-MAY-2026,283.15,278.35,280.25,2399865,Options,Call,NIFTY,23400.0,50180
2026-05-13 14:54:00,282.95,NFO,19-MAY-2026,284.0,280.05,281.95,2404805,Options,Call,NIFTY,23400.0,46995
2026-05-13 14:55:00,279.1,NFO,19-MAY-2026,284.3,278.5,282.45,2397785,Options,Call,NIFTY,23400.0,54925
2026-05-13 14:56:00,280.9,NFO,19-MAY-2026,282.05,278.0,279.3,2387840,Options,Call,NIFTY,23400.0,42640
2026-05-13 14:57:00,280.0,NFO,19-MAY-2026,284.75,278.5,280.5,2386605,Options,Call,NIFTY,23400.0,45695
2026-05-13 14:58:00,283.75,NFO,19-MAY-2026,283.9,279.05,279.8,2390245,Options,Call,NIFTY,23400.0,31265
2026-05-13 14:59:00,276.8,NFO,19-MAY-2026,283.35,275.15,283.35,2374385,Options,Call,NIFTY,23400.0,87295
2026-05-13 15:00:00,258.45,NFO,19-MAY-2026,278.7,254.95,275.1,2332720,Options,Call,NIFTY,23400.0,514215
2026-05-13 15:01:00,250.25,NFO,19-MAY-2026,261.9,248.3,258.05,2342990,Options,Call,NIFTY,23400.0,309140
2026-05-13 15:02:00,249.3,NFO,19-MAY-2026,252.1,244.5,249.6,2376530,Options,Call,NIFTY,23400.0,344825
2026-05-13 15:03:00,254.85,NFO,19-MAY-2026,254.85,243.35,248.7,2434445,Options,Call,NIFTY,23400.0,281320
2026-05-13 15:04:00,249.4,NFO,19-MAY-2026,255.3,248.55,254.8,2450630,Options,Call,NIFTY,23400.0,315900
2026-05-13 15:05:00,243.1,NFO,19-MAY-2026,249.2,240.9,248.55,2522130,Options,Call,NIFTY,23400.0,413335
2026-05-13 15:06:00,247.55,NFO,19-MAY-2026,247.9,239.0,242.9,2546765,Options,Call,NIFTY,23400.0,395655
2026-05-13 15:07:00,250.3,NFO,19-MAY-2026,252.8,247.25,247.55,2593500,Options,Call,NIFTY,23400.0,379665
2026-05-13 15:08:00,251.1,NFO,19-MAY-2026,251.1,243.5,249.7,2593955,Options,Call,NIFTY,23400.0,242450
2026-05-13 15:09:00,262.25,NFO,19-MAY-2026,263.4,251.4,251.4,2536755,Options,Call,NIFTY,23400.0,681200
2026-05-13 15:10:00,258.5,NFO,19-MAY-2026,261.8,253.4,261.05,2579850,Options,Call,NIFTY,23400.0,402090
2026-05-13 15:11:00,255.6,NFO,19-MAY-2026,260.2,253.05,258.95,2597010,Options,Call,NIFTY,23400.0,138645
2026-05-13 15:12:00,254.7,NFO,19-MAY-2026,257.0,251.2,256.1,2599090,Options,Call,NIFTY,23400.0,102960
2026-05-13 15:13:00,257.2,NFO,19-MAY-2026,258.0,253.0,254.95,2602275,Options,Call,NIFTY,23400.0,161655
2026-05-13 15:14:00,263.85,NFO,19-MAY-2026,265.5,254.95,256.8,2572310,Options,Call,NIFTY,23400.0,259090
2026-05-13 15:15:00,259.4,NFO,19-MAY-2026,263.65,252.0,262.8,2501460,Options,Call,NIFTY,23400.0,484640
2026-05-13 15:16:00,257.95,NFO,19-MAY-2026,259.95,254.95,258.5,2429375,Options,Call,NIFTY,23400.0,221195
2026-05-13 15:17:00,255.15,NFO,19-MAY-2026,258.0,254.1,256.85,2416505,Options,Call,NIFTY,23400.0,152295
2026-05-13 15:18:00,252.9,NFO,19-MAY-2026,255.5,247.95,255.0,2416765,Options,Call,NIFTY,23400.0,182325
2026-05-13 15:19:00,249.7,NFO,19-MAY-2026,253.2,248.25,253.0,2405715,Options,Call,NIFTY,23400.0,170820
2026-05-13 15:20:00,249.95,NFO,19-MAY-2026,251.2,244.9,249.85,2390505,Options,Call,NIFTY,23400.0,212290
2026-05-13 15:21:00,247.85,NFO,19-MAY-2026,249.9,247.15,249.9,2404155,Options,Call,NIFTY,23400.0,156065
2026-05-13 15:22:00,244.0,NFO,19-MAY-2026,247.6,241.35,247.35,2403960,Options,Call,NIFTY,23400.0,211250
2026-05-13 15:23:00,247.0,NFO,19-MAY-2026,248.3,240.6,244.5,2383355,Options,Call,NIFTY,23400.0,171990
2026-05-13 15:24:00,247.4,NFO,19-MAY-2026,247.8,245.25,246.6,2406690,Options,Call,NIFTY,23400.0,113230
2026-05-13 15:25:00,251.65,NFO,19-MAY-2026,252.45,246.3,246.95,2368535,Options,Call,NIFTY,23400.0,314080
2026-05-13 15:26:00,255.75,NFO,19-MAY-2026,260.0,250.6,250.6,2353910,Options,Call,NIFTY,23400.0,221390
2026-05-13 15:27:00,254.25,NFO,19-MAY-2026,256.0,249.95,254.7,2351830,Options,Call,NIFTY,23400.0,146380
2026-05-13 15:28:00,254.3,NFO,19-MAY-2026,255.55,252.15,253.25,2330575,Options,Call,NIFTY,23400.0,209105
2026-05-13 15:29:00,252.0,NFO,19-MAY-2026,254.55,251.05,254.55,2260180,Options,Call,NIFTY,23400.0,280670
